import_nasa_map/polp00ag.asc
ncols         288
nrows         192
xllcorner     13
yllcorner     48
cellsize      0.0416666666667
NODATA_value  -9999
[rows 62 to 92 of 192, columns 0 to 69 of 288]
0 0 0 0 0 0 0 0 0 0 0 0 0 0 0 0 0 0 0 0 0 0 0 0 0 0 0 0 0 0 0 0 4.327505 639.1553 789.4906 5657.079 13503 17657.79 17764.36 17764.36 17764.36 14165.92 8672.524 323.8344 323.8344 345.8911 411.5474 438.1773 437.9517 435.6876 427.0181 416.0384 411.6206 406.6299 406.5011 416.3036 475.0211 504.8869 465.5139 372.3295 313.1458 325.32 239.7069 201.852 201.852 204.7038 311.0579 337.8017 463.4347 430.8578
0 0 0 0 0 0 0 0 0 0 0 0 0 0 0 0 0 0 0 0 0 0 0 0 0 0 0 0 0 0 0 0 0 339.4981 790.2642 790.2642 1663.98 11034.01 10634.13 5296.021 7808.542 13023.2 6946.135 955.8036 324.1517 337.0107 389.0423 3959.708 12601.57 9820.566 525.0152 434.6636 433.0526 428.0957 430.1275 408.632 479.5555 505.8583 505.8583 505.6372 501.7984 482.24 240.2839 202.0498 202.0498 202.0498 202.0498 202.0498 202.0498 202.0498
0 0 0 0 0 0 0 0 0 0 0 0 0 0 0 0 0 0 0 0 0 0 0 0 0 0 0 0 0 0 0 0 0 76.28906 793.0098 1222.138 1836.178 3629.419 1054.261 382.6142 335.2962 566.3115 1514.695 1270.7 331.752 411.1308 808.0083 8375.692 14395.08 9399.416 439.0356 439.0356 439.0346 439.0063 438.7284 427.7804 448.5127 461.3899 494.5398 460.3186 420.3507 407.0118 324.5133 207.2495 204.1645 214.8294 210.7615 202.2474 202.2474 202.2474
0 0 0 0 0 0 0 0 0 0 0 0 0 0 0 0 0 0 0 0 0 0 0 0 0 0 0 0 0 0 0 0 0 0 604.9666 1605.29 1673.417 1673.417 1671.41 1417.428 557.0638 371.1961 343.668 335.6238 360.411 441.4061 4158.99 12668.6 764.4719 444.2471 440.8057 441.1488 440.6938 440.3379 446.6949 485.9138 452.5194 440.3326 441.0042 422.6377 407.3336 407.3336 407.0169 384.375 241.9195 229.6078 225.5078 204.827 202.445 202.445
0 0 0 0 0 0 0 0 0 0 0 0 0 0 0 0 0 0 0 0 0 0 0 0 0 0 0 0 0 0 0 0 0 35.44845 589.7092 1477.638 1675.049 1675.049 1675.049 1674.81 1082.796 446.3563 460.9816 868.6525 1168.717 774.6599 571.0885 549.4907 543.5156 500.8243 442.2087 442.2087 442.2087 442.2087 907.652 1192.822 1187.271 1157.539 968.0749 482.8883 407.7309 419.5315 457.2269 407.7309 349.2483 229.8317 229.8317 221.9558 210.3122 210.5141
0 0 0 0 0 0 0 0 0 0 0 0 0 0 0 0 0 0 0 0 0 0 0 0 0 0 0 0 0 0 0 0 24.40582 329.1936 744.6804 1094.253 1534.817 1302.904 1309.773 1672.193 1130.696 414.1592 421.2816 1087.086 1267.623 1267.623 1257.081 792.2994 545.5175 453.8794 444.9153 444.5709 443.2179 442.6392 524.7292 515.2374 881.7065 1193.983 1193.983 1150.543 888.211 993.4752 948.1849 304.9244 255.5322 230.0555 230.0555 230.0555 230.0555 227.9705
0 0 0 0 0 0 0 0 0 0 0 0 0 0 0 0 0 0 0 0 0 0 0 0 0 0 0 0 0 0 0 0 11.3675 306.7497 349.5708 349.5708 616.8202 550.7489 472.8169 642.3494 416.6489 384.9201 363.8516 676.3021 1140.746 1268.856 1268.856 1268.856 1122.599 451.6613 451.6613 451.0008 447.3191 443.0992 443.0698 483.3567 1151.464 1195.144 1195.144 1194.315 1107.313 1174.021 1049.548 898.8869 238.9819 230.5966 230.3132 234.6425 230.2793 230.2793
0 0 0 0 0 0 0 0 0 0 0 0 0 0 0 0 0 0 0 0 0 0 0 0 0 0 0 0 0 0 0 0 24.9059 335.1826 349.9102 349.9102 352.9177 375.2071 416.8346 416.8346 416.8346 398.3694 334.7608 334.7608 887.8505 1270.088 1267.856 1125.774 712.3177 452.0999 452.0999 452.0999 451.5632 462.4427 486.8677 525.9578 716.6976 961.4056 512.9504 471.4151 369.3459 374.8486 286.6407 266.5115 262.3262 261.9358 259.7615 263.8912 256.8698 258.4734
0 0 0 0 0 0 0 0 0 0 0 0 0 0 0 0 0 0 0 0 0 0 0 0 0 0 0 0 0 0 0 4.13121 244.0618 361.168 414.6768 365.0311 350.2494 413.2664 428.6531 417.2386 417.2386 405.9203 337.3061 368.3562 875.6818 1093.674 994.3672 867.9844 750.6984 672.9401 452.5381 529.6812 903.5513 588.2942 526.7476 526.7476 526.7476 480.1269 375.5716 368.3796 368.3796 343.6105 265.1604 264.8414 264.8414 264.8414 264.7736 262.9372 261.7184 261.7184
0 0 0 0 0 0 0 0 0 0 0 0 0 0 0 0 0 0 0 0 0 0 0 0 0 0 0 0 0 0.05873151 138.4222 446.4408 548.8905 532.3748 550.494 544.5829 471.6025 532.5253 475.0435 417.7668 451.9291 723.4102 655.6318 632.3319 855.9472 861.0912 867.6608 867.7601 878.6472 1001.489 961.2369 938.9562 1013.776 940.614 678.4391 527.2573 527.2573 527.2573 460.4957 368.745 399.6724 354.9667 265.0976 265.0976 265.0976 265.0976 263.801 261.9716 261.9716 261.9716
0 0 0 0 0 0 0 0 0 0 0 0 0 0 0 0 0 0 0 0 0 0 0 0 0 0 0 24.01592 160.1012 348.3309 530.1036 551.0261 551.0261 551.0261 551.0261 551.0261 549.0131 530.1007 465.8967 448.758 482.325 844.3495 859.7915 859.7915 859.7915 860.5425 863.0173 864.2678 868.4786 892.8019 808.0233 1014.756 1014.756 1014.756 973.537 535.444 527.7669 583.341 651.9689 671.6187 720.7098 657.2328 460.768 263.5502 262.54 262.9561 262.3506 262.2249 262.2249 262.2249
0 0 0 0 0 0 0 0 0 0 0 0 0 0 0 0 0 0 0 0 0 0 0 0 0 0 0 171.715 315.6857 315.6857 344.4461 535.2751 551.5578 551.5578 551.5578 551.5578 517.8379 469.9108 456.2607 456.2607 486.2933 639.9323 835.4717 860.6211 860.6211 860.6211 835.4707 453.7069 416.1977 300.2038 621.4105 963.9673 1015.735 1015.735 987.0262 725.9739 656.5593 720.1843 721.5468 721.5468 721.5468 721.5468 712.7682 420.0903 262.4919 262.4779 262.4779 262.4779 262.4779 263.7452
0 0 0 0 0 0 0 0 0 0 0 0 0 0 0 0 0 0 0 0 0 0 0 0 0 0 0 83.31256 315.99 315.99 316.1314 445.9341 504.6168 493.5854 491.9171 499.2715 549.4918 480.0078 456.7005 459.7776 691.9784 861.4507 861.6284 861.477 861.4507 849.1417 820.1865 570.0613 295.5501 295.5501 300.4107 559.8943 965.6887 1014.008 887.5056 617.9528 441.5399 607.4565 672.0426 722.2423 722.2423 722.2423 722.2423 724.6724 584.4809 441.5488 472.4468 497.8728 513.2178 560.6168
0 0 0 0 0 0 0 0 0 0 0 0 0 0 0 0 0 0 0 0 0 0 0 0 0 0 3.082754 234.121 316.2941 316.2941 320.9482 408.6543 460.6319 460.6319 460.6319 449.8749 482.2272 452.3788 443.7505 558.6226 844.8448 864.1365 864.6172 863.9292 839.5648 667.066 442.9305 392.3565 362.0783 319.5316 292.8932 287.0438 357.155 340.5927 273.5578 273.5578 273.5578 274.5053 500.8794 722.9373 721.0856 673.2724 695.2899 764.6475 764.9533 730.3103 616.5911 576.4883 576.4883 572.5789
0 0 0 0 0 0 0 0 0 0 0 0 0 0 0 0 0 0 0 0 0 0 0 0 0 0 0 62.34691 101.1148 198.796 371.1798 416.6717 434.3118 448.2131 449.78 438.1312 417.1959 417.1959 503.9359 790.7955 865.5165 865.5165 865.5165 865.5165 665.0669 426.3642 426.175 426.175 426.175 410.5737 304.2318 273.8206 273.8206 273.8206 273.8206 273.8206 357.5823 456.2383 629.6397 660.087 586.4619 562.6879 564.2745 650.8735 735.2917 693.2688 580.2378 577.0421 577.0421 546.5064
0 0 0 0 0 0 0 0 0 0 0 0 0 0 0 0 0 0 0 0 0 0 0 0 0 0 0 0 0 0 118.1995 276.3986 400.8638 417.5959 417.5959 417.5959 417.5959 408.2861 518.676 840.0644 866.3464 866.3464 866.3464 752.9016 532.6534 532.7628 439.2881 431.2365 426.5837 446.023 422.5039 1428.653 3126.141 11003.38 8464.082 438.2739 581.3418 593.8626 587.8496 568.4072 571.4424 574.5797 569.5131 572.6107 582.424 577.5954 577.5954 577.5954 577.5954 577.5954
0 0 0 0 0 0 0 0 0 0 0 0 0 0 0 0 0 0 0 0 0 0 0 0 0 0 0 0 0 0 0 0 50.8714 319.6937 417.996 410.0064 354.8501 318.4874 397.5569 794.8795 867.1763 867.1763 867.1763 642.7634 607.9416 607.2823 600.6819 588.2003 586.301 671.4545 696.5585 16470.42 18884.6 21430.34 19132.89 3833.21 549.3742 540.5297 589.644 594.4315 594.4315 594.4161 583.1956 578.1487 578.2819 580.7889 578.6795 581.8874 582.8622 610.6276
0 0 0 0 0 0 0 0 0 0 0 0 0 0 0 0 0 0 0 0 0 0 0 0 0 0 0 0 0 0 0 0 0 11.71907 229.0011 314.0261 312.3265 312.3265 384.6476 642.6278 853.1976 868.0056 791.443 608.9113 608.5284 608.5284 608.5284 608.5284 673.9308 738.2256 739.2629 771.2307 2179.758 9882.831 10761.67 2603.462 497.9002 560.4682 606.1589 605.8597 604.7089 605.4941 608.226 604.3541 607.4418 609.3549 606.8934 727.9976 776.6641 778.6801
0 0 0 0 0 0 0 0 0 0 0 0 0 0 0 0 0 0 0 0 0 0 0 0 0 0 0 0 0 0 0 0 0 0 0 83.77024 211.4568 303.4288 2199.194 3981.782 851.3083 783.0232 609.1911 609.1093 609.1093 609.1093 608.2239 545.535 513.2731 693.0083 730.1641 525.5964 448.9563 498.3755 498.3755 498.3755 505.196 583.1567 609.9365 609.9365 609.9365 609.9365 609.9365 606.8471 596.137 573.7144 575.6582 770.4142 779.4235 779.4235
0 0 0 0 0 0 0 0 0 0 0 0 0 0 0 0 0 0 0 0 0 0 0 0 0 0 0 0 0 0 0 0 0 0 0 0 0 16.76025 2528.706 5570.47 3160.136 670.2262 505.6852 469.6197 420.0905 429.8164 373.7785 305.3239 303.3402 333.4045 355.2489 303.3402 317.0889 477.5847 473.8376 462.5695 457.7268 477.3775 557.5909 610.5182 610.5067 490.3589 448.2427 436.2051 427.308 426.5616 432.3983 660.3883 779.369 780.1667
0 0 0 0 0 0 0 0 0 0 0 0 0 0 0 0 0 0 0 0 0 0 0 0 0 0 0 0 0 0 0 0 0 0 0 0 0 0 79.61763 996.0137 385.9914 387.1346 387.22 387.5525 387.5666 387.5666 378.754 306.0276 303.6288 303.6288 303.6288 304.6718 308.7694 308.9884 309.0046 283.9234 268.0038 268.0038 270.9641 394.4522 447.2792 413.1059 426.9674 426.9674 426.9674 425.4283 372.6028 411.8338 714.563 780.9089
0 0 0 0 0 0 0 0 0 0 0 0 0 0 0 0 0 0 0 0 0 0 0 0 0 0 0 0 0 0 0 0 0 0 0 0 0 0 123.3395 376.0232 382.2032 382.2032 382.2032 388.0952 397.3539 401.9603 393.9964 408.1102 505.8533 518.3541 531.8068 453.1328 309.2985 309.2985 295.3498 268.27 268.2587 268.2587 268.2587 279.7462 279.2462 767.7136 975.9916 611.0547 355.2084 342.7345 304.7203 304.7203 552.3914 779.5812
0 0 0 0 0 0 0 0 0 0 0 0 0 0 0 0 0 0 0 0 0 0 0 0 0 0 0 0 0 0 0 0 0 0 0 0 0 0 88.66782 353.8288 382.5657 382.9538 398.8374 413.9307 417.1759 417.1759 417.1759 515.899 683.0113 683.0113 683.0113 676.3365 378.726 312.9742 301.2079 277.7875 268.5132 269.9373 447.5746 1054.144 1066.257 1081.276 1081.276 1041.833 501.6956 305.0093 305.0093 305.0093 308.1949 524.796
0 0 0 0 0 0 0 0 0 0 0 0 0 0 0 0 0 0 0 0 0 0 0 0 0 0 0 0 0 0 0 0 0 0 0 0 0 678.7004 1280.94 1051.631 798.7341 544.0827 620.6029 503.0524 465.4111 417.5713 417.5713 418.3006 488.1458 682.4016 683.6586 683.6586 634.011 621.6151 636.8195 620.301 313.9136 417.8706 1074.661 1082.301 1082.301 1082.301 1082.301 1038.859 562.6531 356.1114 347.8694 287.2689 279.443 255.8478
0 0 0 0 0 0 0 0 0 0 0 0 0 0 0 0 0 0 0 0 0 0 0 0 0 0 0 0 0 0 0 0 0 0 0 0 80.3449 1336.408 1421.911 1421.911 1079.737 703.0096 703.0096 703.0096 634.9247 417.9664 308.5896 318.488 408.8624 536.778 525.9017 684.3054 684.3054 684.3054 682.2985 680.5585 666.7002 676.6108 922.4741 1083.325 1083.325 1083.325 1083.325 1083.325 1022.367 843.0555 551.3845 462.4132 398.7664 305.963
0 0 0 0 0 0 0 0 0 0 0 0 0 0 0 0 0 0 0 0 0 0 0 0 0 0 0 0 0 0 0 0 0 0 0 0 0 938.2653 1423.254 1423.254 1340.974 897.8169 703.6736 703.6736 702.1976 386.0681 251.824 243.8539 243.8539 243.8539 334.5865 391.2507 414.6432 555.6386 389.6563 383.7786 373.0445 361.6179 417.4389 944.1736 1478.1 1367.887 1229.693 717.7354 693.8127 620.4772 501.4464 484.2533 484.2533 325.9144
0 0 0 0 0 0 0 0 0 0 0 0 0 0 0 0 0 0 0 0 0 0 0 0 0 0 0 0 0 0 0 0 0 0 0 0 0 273.9917 1416.624 1423.997 795.1562 695.697 637.9893 572.1019 588.1269 374.3632 244.084 244.084 244.084 244.084 244.084 244.084 250.0982 309.9146 351.0743 351.0746 351.1023 351.1805 351.2022 828.439 1795.383 1795.383 1640.289 476.0596 479.6299 516.8182 775.3026 963.9252 615.5513 786.1724
0 0 0 0 0 0 0 0 0 0 0 0 0 0 0 0 0 0 0 0 0 0 0 0 0 0 0 0 0 0 0 0 0 0 0 0 0 34.57181 601.7996 946.6064 1155.603 454.8696 317.1694 317.1694 316.0267 285.1895 245.0504 244.3139 244.3139 244.3139 244.3139 256.6652 281.1384 341.2191 351.405 351.4658 351.533 351.533 678.3704 1591.795 1797.074 1797.074 1666.193 545.7112 455.0732 921.3032 1227.736 1217.685 1053.76 962.9871
0 0 0 0 0 0 0 0 0 0 0 0 0 0 0 0 0 0 0 0 0 0 0 0 0 0 0 0 0 0 0 0 0 0 0 0 0 0 0 0 8.39639 294.6316 317.4676 317.4676 317.4676 293.2399 243.4842 234.9843 227.7073 209.4431 279.5421 302.6919 324.1178 351.7354 339.6833 351.4969 370.21 584.1382 1465.402 1655.432 1798.764 1798.764 1621.997 572.255 455.4691 513.6497 985.8741 1216.369 1102.778 961.1371
0 0 0 0 0 0 0 0 0 0 0 0 0 0 0 0 0 0 0 0 0 0 0 0 0 0 0 0 0 0 0 0 0 0 0 0 0 0 0 0 86.5964 317.7658 317.7658 317.7658 317.7658 227.1863 190.0405 189.3335 181.7589 170.8895 173.8698 170.8895 172.0837 199.5425 171.2682 337.8984 418.647 418.647 418.647 598.337 1049.217 1667.446 1797.092 1222.757 504.8837 655.8182 1021.525 936.5799 918.1202 851.0861
0 0 0 0 0 0 0 0 0 0 0 0 0 0 0 0 0 0 0 0 0 0 0 0 0 0 0 0 0 0 0 0 0 0 0 0 0 0 0 0 159.6677 318.0636 318.0636 288.8425 266.7046 200.7392 189.5109 189.5109 189.5078 383.695 178.7881 171.0497 171.0497 171.0497 171.0497 393.5282 419.0393 419.0393 419.0393 419.0393 421.7484 1201.672 1593.153 1488.772 1447.336 1206.69 932.0635 932.5347 929.1638 786.5426
