import_nasa_map/polp00ag.asc
ncols         288
nrows         192
xllcorner     13
yllcorner     48
cellsize      0.0416666666667
NODATA_value  -9999
[rows 62 to 92 of 192, columns 140 to 209 of 288]
720.2746 719.6327 721.4559 719.4368 707.0798 644.0513 664.41 825.4772 833.5976 818.4559 678.8671 559.359 459.8295 583.8381 736.5733 748.0871 748.0871 2139.555 1887.262 745.0933 661.2916 537.2082 525.6413 526.9617 617.1602 633.5789 633.5789 579.2974 462.5654 387.845 414.7723 457.939 399.4282 321.3018 320.6432 480.2718 756.4987 756.4987 756.4987 756.4987 756.4987 507.4592 360.1447 250.9096 198.689 196.9086 235.9374 244.6914 244.6914 244.6914 244.6914 244.6914 244.6914 244.6914 244.6914 260.3821 344.1449 561.5305 618.0421 620.2844 622.6075 624.3148 624.3148 552.7004 415.5403 415.5403 415.4479 372.0595 326.4236 326.3901
602.2037 700.4354 685.894 675.3845 691.7565 669.9769 742.8704 830.6487 833.5827 833.8718 672.8417 500.117 443.6743 443.6743 506.9595 516.415 609.7428 748.8201 720.2149 693.2091 533.92 526.1564 526.1564 619.1184 667.7387 634.3897 634.1996 634.1996 595.0933 472.2337 463.9109 463.9109 406.4321 320.9573 320.9573 547.2723 650.9819 756.6427 757.2399 757.2399 644.6677 292.7508 202.5917 198.1048 198.1048 198.1048 201.9027 241.7706 244.9311 249.4272 308.7037 312.6453 300.9379 258.0068 289.5543 332.9379 342.0451 383.4957 604.2803 624.9265 624.9265 624.9037 613.457 562.3696 416.7176 415.9474 415.9474 405.5659 336.9507 326.7099
531.0017 565.809 1751.267 585.7016 653.9307 658.1003 666.2182 602.2859 589.9962 639.443 565.0386 500.3071 566.4099 472.5739 551.5015 492.1165 498.2728 515.1102 501.2029 499.5651 508.3647 582.1814 689.1818 749.6843 750.655 694.2463 602.8052 570.8409 538.5641 493.9597 464.3646 464.3646 446.4903 362.7604 321.2712 321.2712 321.2712 460.0618 670.0768 570.1144 385.7623 338.3777 318.9981 202.6114 213.1307 260.1222 281.9654 277.4245 276.0461 319.1014 361.7903 367.8856 367.8856 365.2682 354.1414 349.2224 342.2556 436.2799 620.6045 594.1409 590.9646 590.8646 546.6239 532.2494 417.0998 416.3542 416.3542 399.1749 353.6832 321.4747
567.9985 589.1003 9584.254 4185.649 550.7761 531.6576 596.8575 577.0569 566.1291 566.1291 566.1291 591.4677 2256.355 9859.267 7256.819 625.6064 589.9855 597.2967 589.7407 601.0056 576.7994 718.8121 751.3885 751.3885 751.3885 735.8881 534.1304 506.4167 506.4167 505.3534 496.7717 1008.725 2547.829 456.9261 328.0035 321.5851 321.5851 321.8543 335.27 338.7083 338.7083 338.7083 305.1811 207.5867 322.7111 368.2451 368.2451 368.2451 368.2451 368.2451 368.2451 368.2451 368.2451 368.2451 371.4777 374.5933 401.8713 433.1735 481.9015 563.3352 546.7983 546.7983 546.7983 546.712 508.2815 464.0767 494.3697 442.1568 299.1045 299.1045
572.5566 572.5566 572.5566 560.9501 507.5967 507.4888 509.0844 542.2925 554.8796 561.9149 584.4582 637.3553 2102.197 7558.093 1764.045 643.0696 638.8717 538.0811 481.9297 486.527 529.0096 598.7488 750.1263 752.1214 752.1214 741.0951 601.3355 509.1083 506.9107 495.2847 465.4956 5031.823 13578.62 1261.084 590.7112 579.052 560.1593 575.2993 403.0754 413.1727 395.455 400.264 352.8026 314.1143 320.9878 354.285 324.1109 365.4157 368.6042 368.6042 368.8058 380.801 388.0218 385.4694 395.2814 409.6517 456.0473 457.2257 460.5497 532.812 547.3317 547.3317 547.3317 547.3317 544.3463 539.2397 536.2724 504.6919 322.948 299.3963
791.2552 823.0135 796.8765 938.4389 585.4092 520.8409 539.0632 548.0089 548.3035 559.7054 578.5596 590.0832 699.8146 700.9742 699.5115 651.5687 641.2612 507.4569 469.7756 434.0602 434.0602 465.4672 746.9538 746.5212 602.1327 537.7735 742.4227 692.0717 507.4042 502.0575 466.5366 465.7247 515.0051 847.8219 859.3429 859.3429 859.3429 593.5378 450.1 450.1 450.1 414.7656 327.7818 314.4201 312.0111 269.8315 260.8751 266.1495 292.5994 292.1236 326.6715 393.1306 405.4536 405.4536 405.4536 413.715 454.8838 457.6708 457.6708 462.2984 506.5732 547.8311 546.5524 542.8251 532.4631 531.9779 531.9779 531.9779 396.4339 338.8857
1045.971 1045.971 1013.415 682.3287 555.6137 1400.62 549.7075 593.3146 609.2428 589.4811 580.3517 581.1154 719.0588 746.7213 741.6197 692.0699 665.0357 665.3026 662.6531 612.9369 487.9182 470.615 571.6077 627.6433 541.4094 517.9111 530.1138 586.9622 548.8785 561.8475 569.5472 521.4844 590.1097 704.8776 751.4244 912.5572 9422.404 1817.474 472.8792 468.0762 461.1991 342.0046 314.7259 314.7259 302.9684 261.0302 261.0302 261.0302 261.0302 266.1123 334.0314 395.6725 405.848 405.848 405.848 433.1537 428.1505 457.4336 458.116 458.116 477.2193 540.1245 532.8662 535.2263 534.8648 532.4954 532.4954 532.4954 589.1384 490.0794
1046.987 936.3046 703.8707 530.1136 1295.114 11686.32 554.7486 661.6539 663.5363 685.2871 743.5213 682.5615 666.452 738.7585 733.5739 703.686 695.1143 671.5565 667.8367 609.1888 546.1385 519.0972 518.414 518.414 556.1146 808.8069 642.1667 575.7508 575.9933 575.9933 576.9446 585.5927 586.9042 586.983 615.8302 697.9252 8084.976 10881.15 2177.041 510.1102 510.1102 494.3163 417.7159 382.5505 341.7014 353.0707 342.3622 323.0304 314.7316 398.1901 480.6104 451.9833 406.2421 407.1286 495.7791 536.6386 513.0786 496.4003 501.9565 544.8584 561.9901 562.0063 560.5217 560.0874 905.8405 9978.494 12989.39 4145.749 842.7286 761.7302
945.767 521.0031 515.9209 526.6154 546.6967 557.07 635.2583 666.0432 689.4283 796.863 834.3581 795.6636 730.385 7823.54 10068.87 730.385 727.1417 680.8321 670.0003 611.0963 516.718 551.7432 1213.316 1220.276 1357.793 1436.713 1394.623 1222.995 897.5229 575.7228 563.8932 574.5103 584.0858 619.1012 679.6887 679.6887 666.4103 587.7854 539.7382 513.4688 510.6046 525.5143 564.0141 564.1085 487.9407 454.4356 454.4356 491.4016 1066.647 1187.797 531.7877 513.8889 503.188 545.7136 537.1689 537.1689 537.1689 534.6378 510.6664 482.5614 540.2574 562.551 562.551 562.551 1076.698 12119.4 16631.02 1853.595 750.8235 547.224
674.9175 636.7676 574.8254 516.42 591.9229 664.4537 682.5455 682.8123 723.645 812.7153 827.202 737.3329 548.8869 541.9855 638.3059 708.0266 683.3974 670.6852 670.6852 667.4136 546.5081 500.1069 549.6982 549.5654 839.0726 1400.072 1365.888 1365.835 1161.942 785.9282 559.9288 559.929 559.9288 600.4601 665.0585 671.9247 611.5126 581.4502 581.4502 580.6303 562.2455 551.1075 564.6068 564.7462 495.3999 454.8756 454.8753 475.1083 5486.383 8531.432 902.1991 535.0374 606.8102 590.6597 538.1946 537.6887 535.9387 455.2222 377.132 377.132 379.0163 439.2653 531.7491 563.0953 740.9027 844.9751 844.9751 690.016 441.7427 425.2411
669.5795 668.7637 638.4009 581.6504 657.7731 728.2516 743.1488 685.743 602.5659 555.715 529.3732 482.813 465.8525 465.8525 465.8525 504.8004 535.7625 580.9445 590.8314 636.806 540.1025 500.49 500.5718 500.5903 538.6073 619.3832 597.6202 601.0718 592.6445 536.2383 536.0958 521.3843 529.1556 534.1641 506.6019 544.207 551.3384 563.9294 579.0311 582.3933 587.3695 585.0498 579.787 576.61 571.2112 546.4979 515.6697 497.0962 1317.698 1867.616 532.8167 532.8167 571.3422 613.5022 603.7613 599.4303 476.8718 377.4965 377.4965 371.1644 350.8011 327.5026 328.0321 429.2372 614.3696 690.174 645.7355 422.0457 421.8907 421.1666
670.2256 651.5147 634.1685 634.1685 793.902 974.0521 975.4222 968.3105 831.2508 564.2692 556.3438 558.178 535.1205 513.4576 515.5285 493.5767 492.1425 507.6265 513.2511 513.0696 506.2915 500.5218 500.585 516.5756 578.4668 598.1969 592.1241 548.2725 501.3864 500.8275 502.6172 502.6931 502.814 503.0089 503.0852 503.0852 503.0852 503.0852 523.1234 589.323 589.8504 589.8504 576.4959 574.9539 571.8905 571.274 568.1688 543.8087 530.2067 530.5256 531.4527 552.3121 590.7433 614.0942 610.2916 533.28 341.2102 354.0251 326.1095 446.3687 590.7244 397.3901 501.3138 517.3378 535.3666 535.3666 533.1344 444.354 419.9323 419.9323
723.5941 637.4255 634.7798 634.7798 637.1862 823.4199 926.6075 900.5559 879.1769 624.8008 634.2325 584.8982 584.7953 584.7953 584.7953 541.3805 514.7239 545.9072 568.0388 584.8962 589.649 517.3539 501.0042 501.0042 513.8562 530.1344 500.7419 440.917 439.0444 452.412 481.209 491.7829 496.6606 501.7197 503.5702 503.5702 503.5702 504.7059 516.8326 523.8666 538.5127 3537.977 10181.21 6666.677 571.8247 571.8247 571.8247 570.1436 537.4497 533.9016 535.6855 540.8651 578.4084 859.5826 1260.379 309.4614 308.6051 308.6051 334.249 709.2089 730.7841 736.2341 667.7591 542.4263 535.8827 535.8827 532.7579 527.1096 506.94 484.59
1211.499 1535.544 637.0039 663.6367 662.5893 706.2585 709.5881 5338.988 9400.186 1938.455 674.4002 587.6168 585.358 585.358 585.5126 586.0904 594.7156 642.6134 749.5154 9284.297 10502.34 635.9486 569.8335 506.3204 508.0049 509.1276 508.4794 447.2346 448.4864 440.358 440.6583 473.7604 488.414 492.3497 563.7091 564.4457 585.6802 625.3647 635.1458 581.3961 518.3253 2349.443 13336.73 13051.83 849.7272 515.7243 511.6124 518.6369 509.1009 561.002 565.0006 565.0006 565.0006 3170.879 6967.281 450.7966 373.1797 373.5258 339.7725 366.9469 364.7462 562.7069 628.54 536.3983 536.3983 536.3983 537.4758 523.9731 523.7386 523.7386
1189.622 1444.489 507.7604 449.8244 492.0743 578.6882 710.2619 724.8144 1327.591 699.1003 687.2158 657.7481 585.9203 587.92 590.9308 587.464 587.0931 601.6028 622.0551 831.2698 675.0894 643.6382 559.7875 509.6166 509.6166 509.6166 509.6166 494.3485 485.969 487.8387 485.9611 488.2496 488.8831 654.0869 710.9866 710.9866 710.9866 710.9866 682.2011 562.7852 496.554 503.0303 505.442 577.7798 661.6302 676.1776 669.3804 531.1177 503.0525 511.4579 536.1755 564.5839 565.5433 503.6926 686.1663 735.4048 462.5976 462.5976 407.7818 343.3182 343.3104 343.3104 380.2141 491.5524 566.8424 572.3203 597.1919 581.1091 534.0533 537.9714
1040.656 1033.401 872.9082 432.8543 468.9675 940.9878 712.3444 709.1039 671.2604 662.1939 662.1939 661.5302 624.1478 595.5025 595.8907 594.0216 587.8694 587.6561 593.0022 636.4637 640.8877 642.291 612.5524 557.0058 510.1053 537.2202 618.6462 677.4986 654.297 526.0461 4227.267 1377.096 491.1035 587.333 654.4542 670.4238 695.3575 711.6652 591.9474 488.8139 488.8139 488.8139 571.1327 693.9666 693.9888 693.9888 693.3777 598.2008 511.4559 506.7074 514.0125 529.6682 1492.211 2037.363 2147.866 1769.912 1030.26 462.6479 422.8425 448.3491 516.553 513.919 480.4408 607.1315 618.6615 618.6615 618.6615 618.6615 619.8201 610.4455
942.9402 993.0833 3284.089 9723.703 784.1172 980.1902 1241.243 1098.231 710.8213 663.2093 662.8282 663.027 661.8253 658.9701 603.871 606.6824 589.7459 588.219 616.6721 638.6359 638.6359 638.6359 638.8314 762.2396 703.3864 803.0956 809.2112 809.2112 809.2112 590.4297 489.8207 492.557 568.0498 606.3818 647.8881 647.8881 648.1074 668.1359 633.0591 549.0052 499.9521 510.927 604.5394 656.7906 677.171 694.651 671.4499 553.1213 534.6389 515.0935 513.8372 766.7817 2243.681 2321.492 2247.717 725.0007 464.6793 464.6793 464.6793 465.1343 518.6785 536.3235 537.6052 604.5755 620.393 623.402 626.2555 631.6809 627.3068 513.3107
890.7466 989.414 3758.763 9668.037 10834.35 8513.305 3573.848 2118.284 1236.335 915.1021 853.0651 853.6094 928.5218 886.1388 677.9325 644.4983 632.9511 624.9418 629.8525 733.6904 803.9803 862.2413 877.9529 948.5994 915.2982 814.8621 802.7743 803.5319 789.6298 703.1706 541.584 601.1045 639.7636 648.5076 648.5076 651.6895 679.6781 666.7509 651.1918 651.1918 645.1207 634.1478 539.137 535.7051 550.0038 658.1927 691.6136 690.9991 657.2547 546.1597 486.6943 909.0811 2248.03 2198.28 2132.542 698.1932 486.7607 471.3164 484.9165 507.5725 536.2094 536.8364 536.8364 558.4343 646.4446 652.1221 652.4116 651.9849 625.1808 393.6182
932.9376 989.7245 989.7245 926.1019 8531.979 17857.69 18598.76 16758.93 2777.092 644.9736 818.9866 906.7122 914.3169 778.9917 645.3761 645.3761 645.3761 645.3761 759.5533 1072.479 1072.589 1010.12 949.5049 949.5049 947.8334 911.8143 767.0469 746.9376 746.5466 746.5466 746.5466 694.6008 520.5258 580.0295 611.5605 711.8752 9447.539 3280.068 690.264 652.3383 622.3531 523.7736 521.026 536.2164 553.093 743.8834 934.7589 826.1073 690.5594 480.2274 480.2274 481.4812 512.6829 619.9644 1013.414 563.4885 533.5847 534.8671 560.7094 557.8483 949.9499 1617.746 1905.963 1656.146 653.0343 653.0343 653.0343 653.0343 738.8857 633.9023
990.6009 990.6684 963.8937 469.4216 8595.386 2520.182 3428.365 344.1677 389.1346 368.005 344.1677 344.1677 344.6188 385.9314 504.1149 585.8639 653.8426 929.0162 1063.175 3560.788 6272.813 2026.637 938.4362 908.2761 885.0428 865.4976 822.7426 735.7695 734.9296 739.4846 738.7356 665.0212 521.452 520.9143 520.9143 675.7119 9026.582 3626.423 716.5048 697.9388 514.3792 442.2867 473.6696 565.2809 685.3689 1105.816 1232.382 1232.382 1108.909 686.7278 480.6854 491.9064 504.0317 504.0317 504.752 532.2661 534.0936 536.7325 622.3763 640.4665 1727.601 2928.916 2928.916 2725.018 1722.197 1989.316 1344.249 1030.554 1182.963 1081.99
948.3552 963.9003 743.1826 433.7317 452.439 513.0739 449.402 766.1938 472.7662 443.8521 406.991 392.8314 371.5445 366.6615 371.0412 371.2496 418.5716 649.6096 801.4371 11078.04 19182.25 15122.79 2920.051 849.9069 873.3586 870.4283 869.649 737.0866 717.6127 712.2904 712.2904 710.3475 594.9068 525.6276 546.5341 606.5986 607.4293 632.6545 676.4611 682.5055 616.3282 478.9343 526.8164 1154.358 1229.378 1233.554 1233.554 1233.554 1233.554 1182.042 803.431 593.8981 511.9032 593.2408 759.9711 587.5258 609.1723 617.2427 641.0757 641.0757 1492.368 2693.179 2931.702 2931.702 2931.199 2523.593 1444.578 1220.802 1220.802 1220.802
941.7434 939.2393 844.4302 1050.044 1067.145 1067.145 746.1517 3362.493 493.7469 464.8752 444.709 426.0945 416.7333 436.2421 483.19 499.6286 450.1998 415.707 390.0428 11722.98 19203.68 15917.66 11999.56 2592.491 777.3226 783.1255 819.2621 819.2783 813.1854 788.9012 750.8978 738.8615 723.8272 617.3644 575.8021 575.8021 575.8021 575.8021 589.2889 678.9802 680.0925 647.9093 821.8522 1092.812 1109.873 1184.353 1214.261 1164.188 1154.376 1202.779 1226.811 1193.735 1140.79 1176.138 1351.781 965.6458 738.5382 764.3019 763.082 1053.592 1221.419 1240.785 1529.048 1480.855 1028.148 882.89 933.7197 1129.087 1139.707 1217.942
684.9222 648.4161 693.2261 1063.389 1068.157 1059.319 697.3865 553.3313 523.1627 436.8089 429.3406 432.9339 547.549 595.7505 748.8054 722.4218 598.7322 652.1648 648.107 2640.582 9196.063 4391.534 861.4131 860.6011 812.328 819.8349 821.0206 821.0206 820.8798 813.119 804.8022 803.2566 823.5682 826.6179 632.5901 646.7874 648.7966 646.7695 603.7459 680.9164 699.7088 801.0544 1164.121 1377.237 1305.227 1091.101 1072.158 1044.319 1035.132 1056.991 1079.123 1164.223 1230.77 1333.066 1702.422 1602.193 1107.57 801.6613 801.6613 808.5062 805.2864 953.0094 1244.669 1409.471 1181.493 894.8276 894.8276 875.3427 866.8198 844.7517
675.949 640.7162 698.1119 803.8938 759.4097 759.7593 709.2935 704.6382 703.7284 650.7161 599.5671 568.9653 596.3151 780.892 5434.872 5850.339 662.5613 638.7065 673.1431 673.1431 710.4849 967.0954 984.8837 984.8837 822.4879 686.483 735.4368 802.5147 808.444 803.9887 815.2461 828.3417 865.2029 825.504 755.6024 755.6024 755.6024 755.6024 755.6024 807.5469 964.9406 961.9513 1617.265 7266.411 9522.961 7135.691 2461.763 1156.453 1143.397 2322.577 5647.137 1173.237 1330.175 1337.357 1536.654 1769.493 1752.747 1611.751 1338.145 1263.273 1145.53 1894.568 2310.736 2310.736 1692.099 905.9591 551.4214 406.0446 431.6038 528.5129
799.8735 757.7585 737.1743 726.2009 725.3639 722.4099 709.8077 706.8276 706.8276 706.8202 688.736 604.2066 596.8793 596.8793 2253.489 5819.269 2021.414 613.0717 613.2502 601.8846 916.3553 985.8155 985.8155 979.6019 770.9694 673.8909 673.8909 696.0857 794.7014 812.3256 836.0382 835.3174 845.0519 781.9619 653.4503 646.3355 654.3882 685.5501 570.1699 446.167 421.454 421.454 526.3343 798.7051 855.5664 3171.517 1203.454 1611.028 2068.955 11539.03 32462.5 5188.833 1339.296 1339.296 1555.911 1771.167 1771.167 3209.083 3458.883 1587.305 1283.782 1697.114 2228.335 2261.791 1857.793 466.5511 404.357 423.7285 460.5558 537.1956
791.0889 773.3235 763.7104 752.4197 730.7904 718.7855 698.2494 726.8807 738.3682 684.6837 666.8514 649.7432 611.6842 609.2626 609.9947 605.1172 591.0425 586.5636 586.5636 586.5636 691.0703 878.8288 969.6118 957.6057 934.3481 882.4657 714.5588 683.0427 677.5016 677.5212 674.1138 638.7457 638.3597 600.9529 483.8682 458.2823 458.2823 457.0888 425.8855 421.8521 421.8521 421.8521 654.8663 804.4368 876.7873 1000.601 1042.716 2841.016 5986.997 5523.672 5962.028 5999.489 5535.008 5939.683 5242.143 6832.097 8548.307 10600.71 10491.98 9127.058 1495.432 813.662 968.8004 843.2948 1002.578 484.1976 548.0837 631.4227 641.8458 635.4191
1272.468 1187.905 1038.839 735.2186 717.3397 645.9661 639.9796 776.1105 785.3893 769.6696 683.5633 671.973 654.3238 651.701 651.701 648.1545 595.4052 587.1105 588.3566 604.5823 619.9852 621.7519 655.6951 931.9246 936.903 860.5902 835.3017 698.9449 678.1605 678.1605 665.1809 639.699 638.962 638.962 501.7747 458.7147 462.2569 545.864 518.3479 429.8128 484.356 714.3798 820.7768 820.2327 1384.7 1918.918 2147.383 2283.091 2803.436 38071.61 36983.3 11828.75 14899.05 28824.51 14786.48 7282.748 6236.051 7642.698 6729.666 2928.479 823.6954 785.748 748.5228 747.5033 769.1935 770.3183 691.421 642.5806 642.5806 610.0921
1423.028 1423.028 1279.748 642.6261 641.2215 640.8362 936.1931 1139.05 1123.067 955.6363 928.3105 1307.221 1134.836 786.723 699.7784 590.5485 587.5261 591.6176 1349.071 974.5879 1302.529 1247.825 653.6945 749.5084 775.2136 686.8477 684.4897 676.7218 673.8535 669.1672 662.0875 671.4512 773.9753 1686.872 8034.124 1968.697 647.4363 601.5374 594.8397 601.4891 750.7933 832.0193 847.6228 832.3355 867.5314 1781.748 2087.125 2107.622 3915.104 52030.18 59926.89 85095.55 89367.38 76886.12 53233.4 15468.27 7415.392 4109.56 5924.361 3546.709 2468.843 2302.45 1661.815 903.9316 771.1824 771.098 760.0019 718.9971 697.5577 759.9372
1192.744 1217.132 1330.996 1069.123 633.7619 684.5745 1240.346 1327.671 1327.671 1317.748 1083.179 7726.566 16984.66 13484.47 7548.148 614.5453 683.8765 1306.869 2032.759 2240.642 2453.26 2302.732 977.8795 683.436 654.7291 644.4847 648.2655 671.6972 672.8616 669.3518 663.1747 743.4567 1606.873 13544.5 11892.94 1220.387 1080.891 1336.728 1220.845 1602.001 2180.906 1922.289 2160.22 2389.074 3185.86 3105.312 3325.276 3190.366 4325.561 42311.36 87852.97 97404.81 97404.81 97404.81 71436.28 14935.91 9864.168 8238.5 8694.586 5307.701 2258.554 2217.663 1476.294 1380.106 1234.432 1162.258 951.1235 811.6592 770.5551 781.3694
807.3546 806.9721 691.261 622.4305 581.6458 636.8087 860.9481 835.2688 907.5804 906.8477 904.0089 904.7191 1041.324 3562.086 2606.139 641.2706 678.0524 688.9522 688.9522 744.4055 1229.889 802.5488 682.885 682.885 650.1251 634.4651 617.9753 640.5146 673.5656 671.9697 793.408 810.3082 2950.354 3789.292 1173.456 1392.716 1618.013 1464.275 1207.99 1534.079 1753.064 2996.535 2998.819 3170.037 3579.974 3671.754 16512.15 25912.87 39123.64 31893.18 23634.64 58681.21 96413.27 79637.41 31366.42 9630.003 9906.623 9138.445 2864.436 1056.92 1162.41 1820.072 1391.089 1387.226 6238.81 22641.4 6241.265 1388.532 1006.469 839.7681
777.7448 763.8516 584.0984 582.1907 582.1907 586.3644 698.483 736.0269 732.7868 796.4065 822.8011 823.9516 847.1653 643.265 642.4012 645.123 662.2902 689.5977 689.5977 664.5287 611.804 654.0675 683.5248 683.5248 700.854 762.0293 2761.194 1079.745 705.222 966.3419 943.9803 674.0828 850.0495 880.2952 952.878 1070.225 1371.498 1315.153 848.234 848.2939 2605.643 3626.793 3959.523 7497.042 6325.401 3867.508 7988.309 14550.5 5496.563 5384.947 7301.184 20433.82 35829.49 24081.73 4771.385 5614.279 8572.182 8502.659 6705.664 6647.474 3781.887 1102.882 1145.653 1339.764 3999.298 3250.182 1364.056 1165.124 917.6584 918.4666
