import_nasa_map/polp00ag.asc
ncols         288
nrows         192
xllcorner     13
yllcorner     48
cellsize      0.0416666666667
NODATA_value  -9999
[rows 31 to 61 of 192, columns 140 to 209 of 288]
0 0 0 0 0 0 0 0 0 0 0 0 0 0 0 0 0 0 0 0 0 0 0 0 0 0 0 0 0 0 0 0 0 0 0 0 0 0 0 0 0 0 0 0 0 0 0 0 0 0 0 0 0 0 0 0 0 0 0 0 0 0 0 0 0 0 0 0 0 0
0 0 0 0 0 0 0 0 0 0 0 0 0 0 0 0 0 0 0 0 0 0 0 0 0 0 0 0 0 0 0 0 0 0 0 0 0 0 0 0 0 0 0 0 0 0 0 0 0 0 0 0 0 0 0 0 0 0 0 0 0 0 0 0 0 0 0 0 0 0
0 0 0 0 0 0 0 0 0 0 0 0 0 0 0 0 0 0 0 0 0 0 0 0 0 0 0 0 0 0 0 0 0 0 0 0 0 0 0 0 0 0 0 0 0 0 0 0 0 0 0 0 0 0 0 0 0 0 0 0 0 0 0 0 0 0 0 0 0 0
0 0 0 0 0 0 0 0 0 0 0 0 0 0 0 0 0 0 0 0 0 0 0 0 0 0 0 0 0 0 0 0 0 0 0 0 0 0 0 0 0 0 0 0 0 0 0 0 0 0 0 0 0 0 0 0 0 0 0 0 0 0 0 0 0 0 0 0 0 0
0 0 0 0 0 0 0 0 0 0 0 0 0 0 0 0 0 0 0 0 0 0 0 0 0 0 0 0 0 0 0 0 0 0 0 0 0 0 0 0 0 0 0 0 0 0 0 0 0 0 0 0 0 0 0 0 0 0 0 0 0 0 0 0 0 0 0 0 0 0
0 0 0 0 0 0 0 0 0 0 0 0 0 0 0 0 0 0 0 0.0007098831 0 0 0 0 0 0 0 0 0 0 0 0 0 0 0 0 0 0 0 0 0 0 0 0 0 0 0 0 0 0 0 0 0 0 0 0 0 0 0 0 0 0 0 0 0 0 0 0 0 0
0 0 0 0 0 0 0 0 0 0 0 0 0 0 0 0 0 28.22748 95.29423 248.1416 235.248 195.0496 176.7387 159.3181 136.8005 112.8546 90.95684 67.31818 47.79042 35.20241 14.26321 0.3196239 0 0 0 0 0 0 0 0 0 0 0 0 0 0 0 0 0 0 0 0 0 0 0 0 0 0 0 0 0 0 0 0 0 0 0 0 0 0
0 0 0 0 0 0 0 0 0 0 0 0 0 11.3209 45.72866 86.13422 133.3938 189.572 278.483 385.0053 394.3396 289.8353 263.0427 8280.281 2912.27 263.0427 263.0427 263.0427 263.0427 263.0427 227.6267 200.4437 183.2365 165.5161 151.6499 138.6445 127.6908 102.8499 76.42132 55.9453 35.41243 23.40928 3.637979 0 0 0 0 0 0 0 0 0 0 0 0 0 0 0 0 0 0 0 0 0 0 0 0 0 0 0
9535.918 7013.836 6548.538 254.3748 192.7476 204.5489 236.0792 216.9822 185.5811 219.1939 261.2898 312.472 244.6863 166.3912 163.4996 228.1563 318.8663 380.586 382.604 402.9335 404.7792 344.5154 293.6772 7219.158 1260.645 263.3098 263.3098 263.3098 264.9362 261.2506 215.674 205.9276 205.9276 205.9276 209.0468 221.7886 237.0275 237.106 237.106 237.106 237.106 237.106 229.7283 225.7916 297.153 278.8721 251.1223 217.165 206.2827 210.498 200.8527 178.8282 155.0189 123.2867 108.132 66.69512 36.68103 7.278768 0 0.05893167 0 0 0 0 0 0 0 0 0 0
6935.43 11036.45 9580.817 730.5249 730.5249 730.5249 730.5249 619.0662 423.6459 423.6459 421.6716 410.9028 404.1274 366.1392 356.6953 382.9915 382.9915 382.9915 383.4026 402.2831 405.1895 402.9958 346.118 233.9499 240.062 232.7662 241.0729 222.1853 327.728 372.8629 299.8853 221.7586 206.1364 206.1364 220.0037 237.3464 237.3464 237.3464 237.3464 1460.776 237.3464 237.3464 237.3464 247.8574 306.5176 325.0712 325.0712 325.0712 332.5593 358.2325 359.9121 359.9121 359.9121 359.9121 359.9121 359.748 348.8556 311.268 285.9814 299.4276 292.9175 275.2354 227.6235 208.2893 228.423 472.9408 646.9167 657.688 600.866 380.6913
613.9183 613.9183 2189.611 731.0224 731.2646 731.6262 739.1077 698.5212 686.8293 773.0951 609.3358 405.7357 397.6735 387.5183 3255.749 1199.249 384.2767 388.4299 388.7594 381.308 387.0026 389.7433 266.7843 197.6716 197.6716 197.9368 197.6716 197.6716 202.1556 364.844 380.0356 322.2502 272.5792 267.5717 311.8289 302.0609 254.7468 237.5867 237.5867 3480.439 554.6146 237.5867 250.0133 295.6664 325.4004 325.4004 2718.564 11253.79 1508.963 336.9151 360.0543 360.2765 360.2765 386.2298 480.0504 415.098 325.5334 312.8879 312.8879 312.8879 312.8879 305.2472 289.4586 289.4586 294.381 663.5593 779.1954 779.1954 779.1954 717.9532
614.5364 614.5444 663.7717 703.2881 755.0958 921.205 1093.07 1048.638 1106.775 1112.492 1112.492 735.5584 421.3659 4228.567 11418.31 15124.58 1785.221 399.7933 388.2523 365.2175 365.2082 365.2082 320.3835 240.2883 253.2343 267.385 206.6268 198.0914 303.8156 380.4198 380.4198 380.4198 380.4198 380.4198 380.4198 374.1694 317.389 263.401 237.8268 237.8268 237.8268 246.1088 319.774 325.7226 324.7924 325.4107 3723.515 6930.465 1865.236 326.6511 343.2017 350.2476 374.3286 555.3065 575.1823 575.1823 430.9183 315.9708 313.2041 313.2041 313.2041 309.3119 291.7318 289.7512 299.8587 535.4943 723.2493 770.3853 779.8866 779.983
609.4744 680.7571 738.2008 944.9193 1047.232 1110.411 1113.615 1113.615 1113.615 1112.21 903.7386 677.1866 600.6484 18807.03 20396.17 18836.03 2251.365 396.1313 372.033 365.5766 365.5766 365.5766 348.9258 286.701 280.4274 280.4274 276.3588 348.0871 522.0438 457.8716 432.3404 599.2742 606.4478 566.7559 533.4244 493.4676 245.7427 239.5185 239.4106 238.943 238.8679 240.066 266.6294 249.7194 270.6809 315.7931 324.1852 326.0579 326.0579 326.0579 326.0579 326.0579 365.9963 542.5235 575.7627 575.7627 575.7576 518.1284 423.75 314.1752 313.5201 313.5201 300.2925 290.0435 290.0435 443.2986 733.9581 558.758 212.2288 412.5252
676.2004 682.3737 763.0358 912.3838 913.8936 984.1904 1002.057 1023.958 1028.864 1057.075 619.6911 587.7871 2768.656 13190.93 14936.65 4839.14 417.5872 529.719 588.4349 674.4082 493.6231 397.3539 316.0491 291.103 280.7101 280.7005 340.592 609.4763 689.1553 689.1553 685.9772 689.1553 689.1553 689.1553 689.1553 485.0723 245.4813 239.7612 239.7612 239.7612 1478.189 8584.838 3476.376 239.7612 283.0163 315.5818 317.4359 325.8522 342.5677 362.0512 402.7853 386.025 476.1955 575.623 576.343 576.343 576.343 576.343 574.5071 386.5852 333.813 315.3739 322.1924 310.2379 291.5455 530.6663 781.5569 631.9352 332.3959 103.4632
675.3105 678.1484 680.398 759.9113 848.8385 764.6019 662.6292 844.749 872.3656 762.0847 714.0153 713.7397 700.0688 455.6709 453.9337 434.5269 427.2677 455.1607 936.7157 957.1539 957.1539 914.1663 404.7027 274.2302 270.4202 269.6181 268.4745 300.4654 414.0312 680.1237 689.8482 689.8482 686.9031 634.1736 437.6388 317.9554 386.1237 396.7249 270.8048 240.0022 282.7973 3127.449 1667.362 252.9101 303.7237 315.899 315.899 382.7782 454.5535 468.5207 468.5207 468.5207 470.7139 482.0464 566.9562 589.9763 579.89 578.8594 471.1351 391.0185 8356.041 4387.288 389.8213 389.6703 422.295 680.8141 253.5639 91.4211 49.03801 122.8894
489.3391 524.6347 602.0876 510.3411 4980.368 4471.178 541.8154 713.1266 737.8154 731.8254 718.2567 686.2224 556.3591 472.0666 471.4957 435.6551 425.4233 644.479 958.116 958.116 958.116 958.116 902.8594 526.5894 268.7369 268.7369 268.7369 268.7369 274.837 470.1323 563.1297 479.9942 344.1882 314.2064 314.2064 324.3311 569.7611 808.6261 711.7036 292.6664 240.2435 240.2435 240.2435 301.6859 316.2166 358.9829 450.9692 463.6876 468.9916 468.9288 455.8972 467.8427 435.015 477.2141 627.3005 627.3005 624.2258 624.3661 532.594 390.2131 8609.687 9964.953 390.2131 390.2131 390.2131 393.9835 326.1895 361.6987 165.9067 1471.163
494.7451 475.2616 479.2041 575.4335 18554.83 12918.26 1073.138 670.648 694.9618 827.6396 762.4384 770.5544 573.1829 485.7449 463.4817 440.0879 416.5477 415.6134 774.5543 959.0765 959.0765 959.0765 959.0765 833.3148 537.8686 878.3455 814.0689 585.4768 447.1572 470.6176 470.6176 399.6139 314.5214 314.5333 368.1183 702.2169 809.4368 809.4368 809.4368 646.4838 388.0925 291.7873 269.1338 322.9269 388.6616 479.0453 506.6649 496.562 338.8262 282.1907 279.6508 293.8058 268.502 289.5035 622.8444 627.9293 627.9293 627.9293 553.4543 406.3283 390.6043 390.6043 390.6043 390.6043 390.6079 407.1372 388.3578 380.5246 367.7214 6402.671
787.2385 564.2632 865.5414 1237.889 1177.234 1148.574 677.0594 606.1794 606.1794 670.1276 947.8731 1002.651 971.0729 502.6639 410.43 402.3884 402.3884 402.3884 535.7444 967.3752 960.8059 868.319 911.5858 1049.966 1065.993 1065.993 1065.993 1011.576 475.0233 474.6897 474.6897 453.2599 379.4011 337.47 361.4584 708.9438 816.4229 816.4406 816.4406 816.4406 816.4406 707.0099 511.2303 510.2552 511.2303 511.2303 511.2303 498.8703 443.4977 382.103 266.2277 266.2277 266.2277 266.2277 353.0071 632.4028 633.3627 590.4471 431.675 344.2135 336.0292 354.2393 372.9195 399.5187 406.6898 412.806 410.4051 396.411 389.99 384.5376
1317.927 1177.037 1316.696 1316.696 1316.696 1316.696 1084.817 626.0857 602.1239 605.1035 901.9484 995.9431 904.3378 354.1585 350.9174 319.5637 316.133 342.1876 428.8276 534.1932 552.2057 429.5303 477.9965 621.3458 847.8484 1058.422 1058.862 1017.674 587.0021 473.0398 453.3042 355.4875 344.5268 342.0728 342.0728 347.4393 739.574 810.9785 810.9785 810.7737 735.7108 698.173 574.142 557.8401 564.5147 532.8759 519.6229 517.87 631.9874 759.0844 620.1625 679.3098 539.04 404.3474 445.598 371.8172 427.066 390.3124 320.7604 320.7604 320.7604 320.7604 350.79 410.2073 318.7092 392.4276 410.6844 410.6844 406.3642 338.6909
1057.502 885.4693 947.403 1135.602 1318.012 1318.012 1194.374 629.0123 588.7947 584.7421 846.0765 996.9386 556.2316 279.7532 279.7532 279.7532 283.452 385.8501 414.3022 416.1372 422.1094 429.9597 429.9597 442.3928 707.061 1058.618 1059.92 1059.92 1053.438 892.1007 700.8577 379.0824 346.3904 342.4147 345.0931 363.9987 566.0232 719.9933 679.1949 618.334 607.141 607.1316 620.2191 649.4487 649.4487 649.4487 632.5469 744.0972 872.9345 872.9345 872.9345 872.9345 872.9345 845.1551 440.7924 333.11 332.4788 323.8608 3027.417 5167.596 321.0811 321.0811 325.1141 277.9805 329.0613 411.0949 413.9175 421.801 403.4615 364.0863
924.7437 707.0444 728.426 797.5775 938.6957 1051.128 708.7726 556.6016 610.7963 566.2866 613.3407 569.1553 336.0082 280.0326 280.0326 280.0326 331.4459 367.4119 368.5367 367.4417 369.1125 421.7704 430.3449 647.4257 1055.952 1060.979 1060.904 931.6617 722.5255 534.2815 305.6426 349.8345 391.4423 385.2396 389.1374 399.7285 466.322 592.7558 607.7379 607.7379 608.8314 634.3368 647.5665 650.0972 650.0972 650.0972 650.0972 656.5726 751.1976 873.8062 873.8062 873.8062 873.8062 618.6282 333.4426 333.4426 329.2715 321.4701 3159.905 12794.19 328.2388 321.4915 426.4247 511.71 342.761 373.6412 501.743 513.6824 513.6824 415.9747
731.2949 625.5587 675.5135 647.6954 678.4306 725.717 686.7902 822.7031 884.0494 872.0606 810.3157 649.49 474.211 433.0849 356.7092 301.2834 367.754 367.7779 367.7779 367.7779 367.7779 374.1904 418.9224 422.838 736.2415 972.3021 796.6777 356.6245 300.6342 300.6342 300.6342 363.9971 397.9537 397.9537 397.9537 397.9537 397.8643 9665.718 18989.19 18335.91 14839.38 4587.067 650.7448 650.7448 650.7448 650.7448 650.7448 652.1902 729.4088 853.3163 874.6766 874.6766 874.6766 867.6945 578.571 333.7747 331.8749 322.3328 321.722 321.7149 321.7079 321.7158 420.1096 514.1312 514.194 378.5324 510.1386 471.5073 445.4272 344.5295
732.965 623.759 1749.634 623.759 623.759 639.9424 846.921 884.9291 884.9291 884.9291 884.9291 702.7735 640.4301 640.4301 637.6941 522.3317 372.3361 361.527 368.1439 368.1439 368.1439 371.791 418.247 421.2379 421.2379 430.4123 407.6151 355.1516 302.6104 300.9333 308.4623 341.6492 382.3114 385.6552 390.3193 392.7686 768.7798 11531.77 23843.77 25073.87 23128.63 6021.313 435.0265 544.4984 601.7831 575.5712 610.0893 503.4709 531.2445 549.7092 471.6228 618.6101 579.2427 653.3749 495.1402 334.1068 333.6074 325.6325 322.0091 322.0014 322.0014 322.0021 326.2952 418.7463 484.357 509.814 266.5906 64.99992 20.92623 0.3508365
751.9589 1570.339 20899.93 2800.796 624.3791 622.0269 671.5627 842.8083 885.8087 874.7317 751.0321 645.0894 641.0668 641.0668 641.0668 598.0115 428.6491 338.4304 349.6745 359.4342 365.9234 392.7264 418.8473 421.6567 421.6567 470.3947 5023.385 9013.783 456.986 356.2491 324.4058 354.4701 381.5403 383.1949 383.1949 383.1949 374.5589 314.471 1944.719 10488.57 7660.799 411.7186 299.3616 299.3616 299.3616 299.3616 299.3616 328.864 348.1609 347.286 347.286 347.286 347.286 348.8875 346.0346 339.301 326.2567 322.5928 322.3215 322.3215 322.3215 322.3215 322.3215 329.0276 342.25 288.2627 306.7914 143.6228 91.18228 47.80373
612.8171 4052.645 8900.447 3141.367 579.8674 556.6122 554.0305 710.7787 886.687 704.751 632.7477 641.7024 641.7024 641.7024 641.7024 606.2119 419.7869 338.7612 338.7612 338.7612 339.71 368.6162 391.6782 443.0459 468.6569 785.9383 8261.277 14163.68 495.7267 495.3188 489.4513 399.5351 392.2387 414.2262 433.5287 393.2252 286.334 277.7362 277.7362 277.7362 280.2733 297.672 299.6584 299.6584 299.6584 341.7267 415.6081 460.8652 436.3355 383.9854 347.6907 347.6303 347.6303 347.6303 347.6303 347.3687 297.7257 319.3272 322.1352 322.6411 322.6411 322.6411 322.6411 340.2113 343.117 232.7079 330.898 318.3804 362.4344 365.9538
609.8433 603.2072 558.1402 554.4844 554.4844 554.4844 554.4844 618.2012 680.7141 513.1154 499.7481 515.9153 583.144 498.7114 417.6436 349.4107 339.0967 863.8045 339.0967 339.0967 339.0967 339.0967 399.2815 493.1017 495.8094 495.8094 495.8094 495.8094 495.8094 495.8094 495.6987 469.9585 463.7976 476.8971 476.8971 469.1202 323.0455 278.0113 278.0113 278.0113 278.0113 292.9036 299.9552 299.9552 336.6632 461.1909 461.3447 461.3447 461.3447 425.5963 353.9493 354.1288 349.9363 351.734 354.28 316.2986 277.3978 279.7067 290.4573 315.2949 317.5451 305.504 327.2208 337.2702 343.4569 341.405 343.4569 343.4569 442.8316 613.7062
549.4215 548.0134 544.4566 540.9334 567.8956 639.5048 623.5023 513.3013 475.3878 475.3878 475.3878 475.3878 461.8755 350.7903 339.4323 339.4323 4333.094 17816.82 6224.765 339.4323 340.3417 456.553 530.1088 509.3517 496.3 496.3 496.3 496.3 480.6995 477.2566 451.9219 470.1427 477.369 477.369 477.369 463.8703 343.685 291.8813 278.2864 278.7612 293.9701 299.4248 300.2523 225.9999 221.9538 306.0356 336.4485 460.9106 452.239 370.3762 359.6339 359.9297 359.9297 359.9297 346.5242 281.9071 277.6723 277.6723 277.6723 277.6723 277.6723 280.4863 336.1747 343.7968 343.7968 343.7968 343.7968 345.3343 465.4901 590.4654
595.8741 507.0622 474.0392 473.9161 493.2183 751.4781 818.1672 816.1248 695.0148 477.9046 475.857 482.3115 483.8713 459.2519 456.4728 387.838 343.3234 4635.089 1335.733 339.7673 426.3174 552.8486 552.8486 549.676 532.9467 503.9404 496.7899 493.4939 432.1884 424.4543 424.4543 430.9898 475.4524 477.8401 477.8401 477.8401 474.1114 457.803 446.5538 399.4183 326.6861 325.1959 260.5212 155.9948 154.3031 154.3031 154.3031 174.1445 201.1144 305.4357 360.285 16576.17 11206.69 360.285 357.1593 320.5299 277.9463 277.9463 277.9463 277.9677 287.958 285.9698 314.2104 344.136 344.136 369.9848 402.2389 468.9238 634.2885 634.2885
5744.841 481.4412 527.566 582.0559 739.722 818.9739 818.9252 818.6512 772.483 532.0968 519.3374 534.4044 535.1263 531.6344 535.181 609.6533 704.7444 597.639 511.9934 416.4141 517.9221 3248.725 3841.977 675.7369 553.3937 496.6694 454.9963 409.7037 387.8729 424.8729 424.8729 424.8729 428.3739 461.0584 477.26 478.3112 478.3112 478.9719 478.704 591.9609 638.0631 633.2672 416.6199 154.4552 154.4552 154.4552 154.4552 154.4552 154.4552 197.1309 360.6402 360.6402 360.6402 360.6402 360.6402 343.5521 299.8515 278.2339 302.1447 305.8102 322.4088 322.4088 343.7246 539.0597 539.2948 580.0882 634.9139 634.9139 634.9139 634.9139
3726.056 709.2353 711.9804 715.336 739.5675 791.5412 702.4598 630.7858 625.3782 569.3024 535.7077 535.7077 535.7077 535.7077 563.4519 712.2081 743.2269 743.1179 725.0054 592.8033 552.1305 2241.201 1359.662 618.7671 553.9384 510.5407 362.6837 343.5092 345.9633 369.7505 423.5654 420.0098 419.0033 395.0551 450.1154 491.9431 559.4259 713.2482 727.0538 725.9047 755.0145 755.0145 535.5708 166.1764 164.9001 154.6072 154.6072 154.6072 193.7748 308.9178 340.485 327.5625 305.091 322.0431 360.9952 360.9952 351.0817 301.0627 322.7262 322.7262 322.7262 322.7262 331.2492 376.1479 428.4528 507.6363 484.9462 457.6254 394.797 417.2066
719.8986 713.4081 714.6363 712.6805 682.6682 631.2423 621.1102 732.4718 771.8813 782.9921 541.1835 536.2344 536.2344 547.7238 685.0126 746.9575 747.244 3782.278 5464.001 733.8696 579.9762 533.9332 535.1718 529.7162 553.6649 583.2638 535.7787 393.697 343.847 343.847 378.9641 357.7112 345.6159 321.7409 320.3288 491.4216 755.7568 755.7568 755.7568 755.7568 755.7568 755.7568 755.7568 711.546 404.1866 155.637 168.3947 230.6381 244.2109 244.4514 244.4514 244.4514 244.4514 248.263 288.0927 328.8094 337.6955 325.6797 369.9534 353.5834 340.4727 400.9945 510.8042 505.0217 415.1328 415.1328 390.0966 331.7932 326.0701 326.0701
