import_nasa_map/polp00ag.asc
ncols         288
nrows         192
xllcorner     13
yllcorner     48
cellsize      0.0416666666667
NODATA_value  -9999
[rows 31 to 61 of 192, columns 70 to 139 of 288]
0 0 0 0 0 0 0 0 0 0 0 0 0 0 0 0 0 0 0 0 0 0 0 0 0 0 0 61.20915 82.24207 131.6254 176.1756 179.4509 179.4509 179.4509 217.3578 222.9877 323.774 368.8214 345.5555 315.7139 315.7017 315.7017 315.7017 315.7017 373.9407 389.6381 457.7607 444.6036 443.03 459.4923 459.4923 459.4923 520.5719 820.8284 933.6227 1017.747 1022.041 1022.041 1022.041 2766.611 972.3428 169.094 0 0 0 592.2904 1183.235 991.1902 25.02598 0
0 0 0 0 0 0 0 0 0 0 0 0 0 0 0 0 0 0 0 0 0 0 0 0 0 35.36239 261.4471 356.9794 191.427 179.6351 179.6351 179.6351 179.6351 247.6978 371.6257 375.3018 375.3018 375.3018 366.4644 357.5733 351.326 372.9273 494.9493 483.8036 543.2764 556.3451 581.8931 572.2151 469.8034 463.1235 460.608 642.3171 921.5085 925.418 925.418 955.177 2410.476 3375.681 3025.324 1254.349 1044.085 436.9639 77.06911 0 0 0 0 307.4334 1750.7 602.8066
0 0 0 0 0 0 0 0 0 0 0 0 0 0 0 0 0 0 0 0 0 129.3793 2554.304 1093.588 249.7867 405.34 428.1514 428.1514 384.1458 220.8114 253.2398 286.1944 305.3978 374.3098 375.6864 375.6864 375.6864 375.6864 375.6864 384.7742 513.7744 549.5668 549.5668 549.5668 554.0429 574.5218 582.5791 580.1957 554.7018 580.2337 728.9839 1151.631 1200.1 931.7696 5197.159 19766.23 19653.34 7541.66 7126.757 5528.381 1847.949 1285.517 823.7233 1.901931 0 0 0 0 237.5357 1409.535
0 0 0 0 0 0 0 0 0 0 0 0 0 0 1.274049 61.12004 150.2606 204.1309 251.6763 277.5766 306.6938 1363.037 9092.173 4027.837 432.2125 440.9526 445.26 583.9066 549.9324 542.8777 409.9036 380.9881 398.0685 437.8387 406.25 388.0507 384.6205 377.3363 376.4816 466.254 550.0217 550.129 550.129 6151.893 6075.167 1058.43 580.3925 583.1751 583.1751 583.1751 598.9335 939.2684 1246.721 1220.178 1040.332 927.3142 2063.016 927.3142 10787.49 14287.11 13180.42 12931.73 16147.57 6510.492 0 0 0 0 0 0
0 0 0 0 0 0 0 0 0 0 0 0 3.29837 139.0102 329.0327 389.9735 389.9735 389.9735 389.9735 396.4426 429.0254 431.4067 486.5757 539.2793 584.8256 610.7903 567.0912 623.1365 623.1365 623.1365 551.1854 475.0159 479.9964 479.9964 479.9964 448.4651 404.4218 396.5426 398.788 439.3175 533.0264 550.6912 550.3696 13405.13 11758.61 1062.807 560.4701 583.7443 583.7711 584.9199 994.8326 1233.103 1250.587 1087.321 901.037 815.9056 884.7804 927.6206 3452.461 16653.83 22731.59 24905.02 24905.02 10212.32 0 0 0 0 0 0
0 0 0 0 0 0 0 0 0 0 0 19.03322 270.4691 359.4371 368.9973 387.3576 390.3671 390.3714 390.3714 390.3714 402.0097 517.158 623.7218 623.7722 1160.123 17484.55 25574.57 22020.99 4389.943 586.8538 505.762 480.4861 480.4861 479.6456 464.3069 417.3025 397.91 397.91 397.91 448.639 504.0612 532.5587 512.7402 515.244 505.1666 497.0176 515.0811 576.4497 580.2796 580.4145 761.7848 731.6221 738.165 772.4742 772.6534 772.6534 772.6534 788.3768 2756.354 8921.223 22284.74 24930.42 24944.48 13458.82 0 0 0 0 0 0
0 0 0 0 0 0 0 0 0 0 1065.298 6700.243 3818.804 359.6726 360.1779 369.9721 389.5283 390.2104 390.156 390.6906 390.6661 408.0626 553.6335 542.7251 543.5344 3218.518 14753.38 13477.92 3334.882 594.566 594.4594 461.698 461.8793 417.9056 398.3183 398.3152 398.3152 398.2219 360.9781 350.2432 357.8213 467.5617 497.5237 497.5237 497.5237 497.5237 527.5822 580.2916 683.1642 1020.112 852.0859 1061.034 892.8938 777.2116 803.0016 857.4117 816.9077 808.8909 916.8022 1337.236 7182.978 23468.93 27626.85 24212.01 3873.056 0 0 0 0 0
0 0 0 0 0 0 0 0 0 76.47031 366.3305 2268.202 2459.394 387.6813 360.2862 370.1497 410.561 2575.612 1454.632 390.1402 390.0977 391.7864 470.6044 503.0796 503.0796 503.0796 527.806 566.402 523.7468 407.1448 406.4911 400.8713 400.8713 400.8223 399.838 399.7114 398.7105 340.438 244.3527 244.3527 244.3527 293.863 477.6091 469.8788 499.6036 989.0996 964.2338 1025.159 1494.398 1791.502 1846.675 1846.675 1840.319 1767.569 1286.581 930.6953 930.6953 959.9709 1418.699 1593.719 6769.407 20823.19 21587.82 21587.82 21433.94 18233.3 15524.76 4208.588 0 0
0 0 0 0 0 0 0 14.0496 193.5354 353.8345 360.4038 360.4038 360.4038 360.4038 361.1937 376.4869 408.5408 4141.368 7145.212 390.4905 390.4905 422.763 501.42 503.5905 503.5905 503.5905 503.5905 503.5905 462.22 401.2783 401.2783 401.2783 401.2783 401.2783 401.2783 401.1937 391.1195 247.6155 244.6008 244.6008 244.6008 244.9889 245.2549 313.3191 874.4064 1089.748 1094.826 1094.826 1094.826 1134.721 1450.388 1166.402 1290.299 1822.305 1848.485 1411.847 1268.351 1338.278 1595.337 1595.337 4752.191 20086.58 21017.65 21609.74 21609.74 21609.74 21609.74 19264.28 17632.26 9604.986
0 0 0 0 0 23.50721 371.5577 649.6999 696.842 584.2185 360.7691 415.3914 367.7081 361.8159 362.1373 362.7012 381.9856 384.1489 375.9522 381.4229 390.8863 405.4261 456.835 469.926 470.8828 487.3486 488.677 368.4357 410.9258 401.6851 393.1436 363.6705 379.3424 371.4769 387.7834 401.6851 324.158 244.8492 244.8488 244.8488 244.8488 248.0876 257.5876 843.1066 964.0145 856.0649 1045.239 1087.525 1095.061 1044.445 987.7009 1017.711 1207.996 1740.588 1704.844 1850.424 1758.742 1568.347 1596.954 1596.954 1598.964 4997.197 2813.968 11563.79 18762.69 21102.45 14493.48 2581.625 1165.379 938.8982
0.00130841 53.43184 180.5532 371.7927 571.6318 904.968 830.0912 758.08 751.2337 751.0522 696.1432 659.83 380.5942 362.8495 362.8495 362.8495 362.8495 362.8495 363.1714 383.36 391.2821 391.2821 408.0101 440.8227 440.8227 440.836 349.7817 215.6805 221.2629 243.9858 309.7567 314.0827 314.0827 314.0827 364.6484 387.173 366.0297 510.3462 460.3376 333.6919 261.7179 267.4493 334.3148 427.2272 454.5595 454.3328 456.0388 606.9308 715.2371 666.3579 884.7036 1251.54 1532.607 1056.215 993.4217 1143.091 1016.544 1008.873 1208.497 1096.839 1355.458 1358.69 1340.157 1304.299 5759.773 14134.99 3584.491 1145.175 626.7432 613.9183
772.0746 791.2762 785.261 699.0842 2848.257 9347.433 6924.97 7273.064 5035.073 2433.858 751.993 750.011 536.9378 500.1638 639.2805 464.6548 355.4355 345.2926 349.8428 383.7687 426.8987 435.0925 440.771 441.2683 441.2683 441.2683 315.8951 215.8985 215.8985 215.8985 276.1622 314.4002 314.6511 315.1455 318.3666 315.5976 577.589 1525.033 1527.108 1468.673 433.1358 334.3506 342.9531 436.7734 454.792 455.3467 470.0587 571.3697 634.7982 636.4709 637.6005 634.7982 668.2489 894.1239 986.1628 953.1959 648.0985 525.8265 512.4666 646.1564 1078.979 1247.272 1219.466 1278.322 2850.313 5237.173 2766.682 586.5228 561.6301 582.9614
640.7679 640.5472 601.8801 559.9215 1347.647 12330.36 16884.28 16815.67 16698.45 6023.806 700.755 752.7517 542.2654 460.8317 639.8073 372.4338 313.8858 299.5884 299.6035 351.2306 441.1549 441.7135 441.7135 441.7135 441.7135 364.5698 262.448 216.1163 216.1163 216.9195 239.5164 311.8014 326.2601 325.2368 315.8044 315.9551 1239.865 1528.648 1528.648 1207.531 779.2632 336.9252 346.6298 364.7544 410.5115 438.224 543.482 571.8499 587.7225 551.0163 598.2792 593.8033 549.5331 770.2448 782.8577 629.671 512.9836 512.9836 512.9836 653.8156 725.4188 725.4188 726.4034 733.4963 853.8915 1859.485 1941.732 922.3757 550.6806 552.3727
596.0064 559.9001 507.7327 507.7327 504.6653 611.2709 7541.858 2223.993 2300.753 978.4658 465.218 597.734 396.5934 314.3182 299.8866 299.8866 299.8866 299.8866 299.8866 299.8866 368.8474 442.1588 442.1588 450.0102 389.7862 281.1941 216.3341 221.8418 490.6706 513.0427 409.0942 315.0346 360.4417 443.8549 418.3546 765.0167 1358.672 1530.189 1245.472 1122.924 254.6083 250.0286 331.6429 341.8948 357.8754 419.7111 477.6141 505.9787 889.9946 6157.436 1579.277 505.9787 591.8694 675.1552 675.1552 673.4605 630.6929 587.8842 676.5839 683.004 726.15 726.15 728.5794 726.15 735.1829 1474.575 1342.483 1062.579 712.4814 677.114
564.8843 508.2431 495.7204 401.4233 490.5193 499.6925 499.6925 471.6794 446.9272 446.9272 446.9272 446.9272 424.6357 322.2528 300.1881 300.1881 300.1881 300.1881 300.1881 300.1881 306.317 467.0103 515.9803 555.0258 563.6368 540.8982 361.4656 313.3206 461.0512 563.6368 482.5031 365.2913 418.6035 460.9513 595.6905 1409.235 1531.728 1531.728 623.6046 235.0455 235.0455 238.816 273.6956 324.4057 369.768 377.3356 495.3072 506.4874 2164.172 10225.71 5061.804 506.4874 605.1151 666.3185 641.0371 569.5871 558.3048 577.2924 931.0717 992.085 977.1364 978.2576 970.4857 868.5018 801.1813 799.1317 799.1317 1092.84 23590.04 14563.03
538.9543 1069.458 326.6082 313.3337 353.5522 458.266 497.7534 496.3215 478.0632 456.1567 447.3764 439.1277 427.8961 360.1244 316.4919 327.7374 333.7843 322.4658 300.4898 300.4898 301.2966 492.4686 564.2034 564.2034 564.2034 564.2034 564.2034 564.2034 564.2034 564.2034 549.3129 465.0063 436.3643 401.3907 272.6859 271.9579 663.3918 888.2925 299.7073 235.2818 235.2818 243.1458 374.9329 375.0302 376.841 383.0648 403.4785 505.7203 506.9965 506.9965 506.9965 506.7751 516.3393 512.0374 526.1382 541.9082 541.9082 570.4634 869.9282 1006.046 1006.046 1006.037 958.6572 799.3411 799.9349 799.9349 799.9349 1344.991 16275.83 7520.038
4817.124 8429.989 2509.215 313.6478 313.6478 295.1149 283.7531 356.209 364.8906 338.6874 363.9745 355.6924 361.4399 352.5223 352.522 352.522 352.522 345.1699 327.4333 302.3978 315.4295 539.8555 564.769 564.769 564.769 564.769 564.769 564.769 531.7435 511.7015 483.6851 214.8824 197.1966 197.1966 197.1966 197.1966 197.1966 197.1966 208.2248 248.089 369.3431 369.1256 399.5415 397.896 397.7972 397.8551 412.2679 457.9228 506.9148 507.5048 421.1909 386.8229 374.7483 368.841 369.6462 422.2341 465.2112 952.8154 997.2683 993.37 938.6082 909.0057 800.0837 794.941 795.9802 799.3948 812.5519 813.8641 816.7833 790.742
585.1929 5357.973 4566.739 313.158 273.0937 260.3731 259.0854 259.0854 259.0854 261.1924 299.0251 324.9013 345.4415 355.5723 355.5723 355.5723 355.5723 355.5723 355.5723 346.0442 290.9273 325.3821 380.3 563.329 569.6558 569.6558 503.4722 462.7515 327.6362 207.6066 205.8951 201.4599 198.9029 198.9029 198.9029 198.9029 198.9029 198.9029 271.0858 372.0698 422.7458 422.7458 421.6596 416.5536 401.916 404.2579 421.6278 427.7423 442.2767 443.2981 387.0855 372.0297 372.0297 372.0297 372.3579 372.0297 407.8513 627.1622 911.7957 969.5828 846.4332 3807.773 20636.81 12737.99 801.7875 816.9339 1191.048 1188.895 1086.18 886.8742
314.2136 314.2382 314.2452 305.1512 268.1673 257.4085 257.3521 257.3521 257.3521 257.3521 257.3524 257.3521 286.6939 353.1934 353.1934 353.1934 353.1934 353.1934 347.9896 287.8775 273.2014 273.2014 282.2159 449.0259 553.4292 532.8585 285.9557 206.1464 206.1464 206.1464 213.7847 263.0522 212.0096 198.096 221.1874 213.3467 214.925 221.775 408.3228 419.9175 419.9175 419.9175 419.9175 419.9175 419.5344 428.6661 434.8724 434.8724 434.8724 434.8724 405.961 379.7339 431.9453 469.0539 484.7971 502.041 890.4388 975.3943 975.3943 957.0442 810.3782 1109.143 12462.69 3152.122 796.4148 1289.519 1498.779 1509.934 1509.934 1469.518
290.9459 293.2817 305.0946 427.3282 366.7722 277.4811 257.6093 257.6093 257.6093 261.5754 316.2794 321.7931 322.2084 338.5515 329.9469 318.6522 292.4032 288.2018 311.9939 288.7474 273.4745 273.4745 273.4745 271.4982 295.5697 287.6375 206.2322 206.3525 206.3525 206.3525 276.425 333.2324 268.8692 225.9395 262.7288 262.7288 276.9815 382.7982 419.3748 420.2877 420.3372 420.3372 420.3372 420.3372 420.3372 422.9343 430.2998 435.3071 438.5402 531.0961 607.3495 639.2379 594.4008 517.8254 500.8895 500.8895 792.7444 975.7335 976.3693 798.1894 626.8535 649.9236 746.1945 716.2847 975.727 1300.62 1498.803 1467.626 1373.103 1211.715
288.9973 288.9973 365.9274 536.2024 636.0536 463.2764 258.869 291.5284 340.205 339.3869 334.7737 334.7737 334.7737 334.7737 315.9637 259.844 258.0809 258.0809 258.0809 262.9078 273.7476 273.7476 265.894 184.288 180.7213 179.7312 186.5921 205.9323 206.5585 207.5705 312.1916 333.5652 333.4209 327.2448 273.6531 263.6865 355.5425 419.0775 419.0775 419.6687 420.5303 420.757 420.757 420.757 425.4896 446.384 452.4075 449.3652 583.3984 675.8822 675.8822 995.5256 1919.048 1035.663 496.2988 492.3816 510.7688 484.0123 522.6505 458.7908 461.4911 626.3886 631.684 666.6548 623.0703 545.083 584.6569 850.0764 1054.909 1057.031
471.0333 371.3997 324.0933 491.9716 636.6871 565.3087 494.6517 475.8349 469.1068 456.988 417.7346 360.0243 335.1071 335.1071 319.7341 265.6182 258.338 258.338 258.338 261.0397 269.9145 274.0202 273.5015 247.2486 193.7766 179.9102 179.9198 193.2571 289.1218 323.2067 333.6421 333.8974 333.8974 333.8974 314.028 264.8354 406.4467 419.4949 419.4949 419.4949 419.9582 423.91 432.6637 426.6559 512.2883 676.2138 676.5554 676.5554 676.5554 676.5554 676.5554 659.0634 638.8271 714.8923 313.4382 314.5505 410.4468 455.0346 455.0346 455.0346 509.5598 657.8186 2068.843 594.9734 582.9995 547.6582 545.6142 721.9498 1056.076 1058.083
562.1635 633.7981 628.41 637.3207 637.3207 637.3207 637.3207 539.4528 469.5736 469.5736 469.5736 469.5245 451.0725 428.3952 334.0136 302.8801 258.602 258.595 258.595 258.595 258.8154 263.9235 270.7318 247.3913 196.069 180.0893 180.0893 180.0893 185.2218 207.4227 311.2151 334.2296 334.2296 334.5743 343.153 342.8056 357.0229 415.7466 419.9123 419.9123 419.9123 453.1202 633.6631 670.6118 677.1461 677.2286 704.8746 699.3199 677.278 677.2286 677.2286 546.7385 342.3321 331.1866 311.6266 306.7055 310.746 343.9046 332.8841 450.9663 388.224 289.2216 1914.751 531.785 634.4381 658.7411 761.5125 971.8491 1059.136 1059.136
388.0651 636.8264 637.9542 637.9542 637.9542 637.9542 637.9542 636.8168 506.6972 470.0404 470.0404 470.0404 456.4198 412.6545 264.9471 256.1853 258.8521 4442.592 10642.71 2794.733 285.3364 258.8521 247.0506 297.4695 391.0715 332.1827 305.0324 185.8311 180.2683 180.2683 216.3295 336.1814 339.8689 339.2121 348.2625 348.5434 348.6918 392.1166 2700.936 6605.675 2768.715 420.3297 421.9709 574.0473 673.1678 677.9019 686.719 930.7524 1057.423 934.5731 813.4023 408.3354 390.4304 389.7275 381.3413 376.6296 302.2953 208.8015 209.3794 236.9167 208.6665 205.0219 320.07 634.8318 759.2228 759.5168 792.4465 999.5015 1060.189 1003.678
385.9317 587.1619 627.3986 444.5537 504.5331 552.4995 542.2432 503.7564 468.3704 470.5064 448.593 290.1913 228.0057 227.6614 227.6614 231.9395 259.1087 259.1087 6863.002 12766.65 4801.33 259.1087 259.1087 488.999 540.1808 540.1808 540.1808 512.3052 378.0699 281.1934 369.3939 348.8889 348.8889 355.489 4540.003 3576.016 348.8889 348.8889 3947.761 16940.78 9429.043 420.7465 420.7465 470.6181 839.4035 854.9664 947.074 1088.258 1093.938 1093.938 1030.718 452.772 390.8175 390.8175 390.6411 336.9248 302.7505 284.6756 268.3328 291.3009 322.6575 362.3638 297.8638 287.9739 666.2378 1036.579 1194.833 1212.627 1032.667 616.3547
236.5874 226.4273 418.042 421.5153 386.8866 452.966 416.5439 428.0259 434.517 393.2074 229.6147 227.8869 227.8869 227.8869 227.8869 228.3671 238.6488 255.5977 464.1047 484.1467 262.7548 283.0154 290.0945 437.9062 540.7159 540.7159 540.7159 540.7159 543.1872 485.9554 387.3471 349.2345 349.2345 1270.52 6216.515 1012.512 349.2345 375.2119 421.0447 421.1632 421.1632 421.1632 421.1632 533.9002 905.8543 1072.455 1095.022 1095.022 996.6043 536.6263 341.8758 372.3734 380.1713 375.2755 366.6847 324.6307 316.7139 316.7139 316.7139 351.1462 413.856 413.856 413.7513 509.0894 1005.383 1339.621 1371.527 1243.1 618.1764 609.8433
228.2839 226.6513 847.2775 994.3916 695.3168 666.7338 428.4495 428.4495 401.55 272.2432 228.1124 228.1124 228.1124 228.1124 228.1124 228.1124 228.1124 239.6456 259.0884 269.149 353.9781 361.4957 361.4957 385.8329 520.0759 541.2509 542.3828 555.3087 561.0103 498.7765 446.0028 468.551 474.553 368.9401 349.5801 349.5801 402.0169 477.7391 487.289 421.58 449.0144 432.3235 453.4827 500.5064 687.1372 1020.6 1096.105 1079.368 556.1104 325.2695 325.2695 326.4955 326.6936 324.9963 318.7228 327.718 328.7382 317.7151 317.0273 349.8717 532.4814 484.2647 423.8241 414.2655 414.2655 664.7993 947.3121 1295.155 824.4016 631.1625
889.522 620.7601 944.2256 789.6852 513.6244 428.8723 428.8723 428.8723 428.8723 403.3756 326.5988 303.552 228.3744 228.3375 228.3375 228.3375 228.3375 228.3375 233.938 299.1875 361.8525 361.8525 361.8525 361.8525 417.414 495.8572 552.3301 561.6103 560.7392 561.6103 561.6103 561.6103 561.6103 550.1799 503.6224 475.6254 551.2817 560.1209 557.5822 543.8131 555.5689 532.0531 526.4069 533.2416 695.1592 981.3068 856.2489 678.0239 325.5906 325.5906 325.5906 325.5906 325.5906 325.5906 335.007 462.0726 584.2769 578.9458 431.671 400.555 505.6985 640.2944 597.8315 569.0009 476.6433 454.9919 426.1804 1042.702 837.4252 655.1837
939.3093 1079.337 1075.113 1055.911 1037.042 544.0874 429.2952 429.2952 429.2952 429.2952 429.2952 420.9844 321.6239 228.5627 228.5627 228.5627 228.5627 228.5627 262.6473 340.4072 362.2093 362.2093 362.2093 362.2093 362.7448 370.0437 483.0077 459.8793 403.0035 435.6334 429.43 430.2642 425.3731 496.1107 560.6402 617.2046 587.6478 560.6732 560.6732 560.6732 639.8469 693.3383 563.1738 545.0421 523.27 517.9277 517.9277 389.8978 411.2281 421.5946 434.7053 335.3868 349.4526 480.988 551.485 588.5731 605.9205 609.3142 603.9255 548.4412 629.1028 640.9257 640.9257 606.2402 688.0001 809.1155 775.2502 979.4579 8133.797 8553.138
926.3396 982.6893 276.6645 448.6901 666.4539 358.8412 288.5221 313.6901 352.1504 361.7708 428.7014 429.7177 424.433 325.2173 317.7469 332.6873 356.0114 356.1884 362.3966 362.5658 362.5658 368.5409 367.7713 364.9174 397.3463 404.9318 406.3299 386.8915 383.2594 389.3476 395.6452 395.6452 395.6452 395.6452 428.3245 771.1715 823.2015 728.1106 761.4438 817.3685 889.0635 894.2396 893.257 648.2081 518.4375 518.4375 518.4375 474.506 454.3094 454.3094 454.3094 454.7684 485.1299 586.9699 595.2851 600.2988 610.1241 611.3161 609.9139 842.5153 815.3835 1027.127 939.4253 1859.637 1390.649 845.8803 845.8803 9535.59 21209.66 10143.51
798.285 935.364 509.6408 252.3876 252.3876 252.3876 252.3876 252.3876 252.3876 252.3876 329.9881 372.4744 318.8995 434.1092 437.5265 437.5265 437.5265 435.4337 424.5518 400.4454 403.924 429.9625 425.6104 403.5898 407.7267 407.7267 402.7058 376.8459 366.9393 370.2079 370.6609 381.42 390.2693 500.3077 835.1622 895.119 894.1592 895.119 895.119 890.8145 856.1941 636.1954 638.4745 534.2174 535.3491 581.2327 535.4387 586.8939 502.3181 454.7561 454.7561 516.1773 660.3259 650.0466 627.8502 623.8081 623.8081 718.7188 1641.165 2197.837 2501.699 2501.699 2501.699 2194.419 1243.83 805.5153 2281.353 18114 14322.66 5029.794
